11,4
8,11
8,7
8,4
9,5
4,17
6,5
6,4
7,15
7,14
7,12
17,2
17,1
17,3
15,2
15,1
15,3
16,2
16,1
16,3
13,2
14,2
4,26
4,16
4,40
4,41
4,4
4,13
4,34
4,23
4,25
4,9
4,38
4,36
4,1
4,30
4,2
4,3
6,8
6,7
6,1
6,6
6,2
6,3
7,10
7,7
7,8
7,4
7,5
7,13
7,1
7,9
7,2
7,3
5,4
5,2
5,1
5,3
23,52
23,51
23,50
23,49
23,48
23,47
23,46
23,45
23,44
23,43
23,42
23,41
23,40
23,39
23,38
23,37
23,36
23,35
3,2
3,1
3,3
10,147
10,145
10,28
10,142
10,156
10,175
10,166
10,2
10,3
11,7
11,10
11,8
11,2
11,3
9,4
9,6
9,2
9,3
8,6
8,8
8,9
8,10
8,5
8,2
8,3
12,2
12,1
12,3
20,2
20,1
20,3
19,2
19,1
19,3
11,28
11,27
11,26
11,25
11,24
11,23
11,22
11,21
11,20
11,1
11,19
10,302
10,301
10,300
10,299
10,298
10,297
10,296
